obs_01相机
（1）内参矩阵

fx: 913.5808
fy: 913.8495
cx: 489.8049
cy: 362.7804

（2）外参矩阵

T_body_camera: [0.00681018, 0.0134561, 0.0277226]
R_body_camera: 
[ 0.0203,  0.9995, -0.0239,
 -0.9996,  0.0208,  0.0178,
  0.0183,  0.0235,  0.9996]

obs_02相机
（1）内参矩阵

fx: 919.4281
fy: 919.0757
cx: 468.9729
cy: 365.6025

（2）外参矩阵

T_body_camera: [0.0210884, -0.0125712, -0.0264217]
R_body_camera: 
[ 0.0312, -0.9992, -0.0256,
  0.9993,  0.0317, -0.0198,
  0.0206, -0.0250,  0.9995]
